3 25 24.55
4 14 15.35
5 20 18.65
6 34 34.45
100 145678 2.20533e+06
120 241155 2.81959e+06
140 387983 3.5217e+06
160 563797 4.31167e+06
180 784254 5.18949e+06
200 1.11269e+06 6.15516e+06
220 1.43147e+06 7.20869e+06
240 1.88224e+06 8.35008e+06
260 2.38999e+06 9.57931e+06
280 2.94897e+06 1.08964e+07
300 3.63376e+06 1.23014e+07
320 4.33597e+06 1.37942e+07
340 5.40971e+06 1.53748e+07
360 7.47732e+06 1.70433e+07
380 7.53392e+06 1.87997e+07
400 8.78133e+06 2.06439e+07
420 9.98232e+06 2.2576e+07
440 1.14667e+07 2.45959e+07
460 1.34557e+07 2.67037e+07
480 1.64326e+07 2.88993e+07
500 1.75386e+07 3.11828e+07
520 1.92036e+07 3.35542e+07
540 2.15922e+07 3.60134e+07
560 2.47339e+07 3.85604e+07
580 2.83429e+07 4.11953e+07
600 3.46908e+07 4.39181e+07
620 3.52926e+07 4.67287e+07
640 4.09954e+07 4.96272e+07
660 4.13226e+07 5.26135e+07
680 4.62087e+07 5.56877e+07
700 5.22264e+07 5.88497e+07
720 6.00127e+07 6.20996e+07
740 7.72815e+07 6.54373e+07
760 7.25207e+07 6.88629e+07
780 7.30612e+07 7.23764e+07
800 8.32851e+07 7.59777e+07
820 9.07404e+07 7.96669e+07
840 9.71452e+07 8.34439e+07
860 9.84535e+07 8.73087e+07
880 1.05334e+08 9.12615e+07
900 1.15116e+08 9.53021e+07
920 1.16855e+08 9.94305e+07
940 1.28832e+08 1.03647e+08
960 1.30751e+08 1.07951e+08
980 1.6811e+08 1.12343e+08
1000 1.90787e+08 1.16823e+08
