10000 92474.2
20000 255091
30000 418744
40000 576231
50000 722129
60000 871774
70000 1.01725e+06
80000 1.17438e+06
90000 1.32243e+06
100000 1.46749e+06
110000 1.60164e+06
120000 1.7771e+06
130000 1.92044e+06
140000 2.06136e+06
150000 2.20467e+06
160000 2.33894e+06
170000 2.47933e+06
180000 2.62978e+06
190000 2.81341e+06
200000 2.92594e+06
210000 3.06351e+06
220000 3.20403e+06
230000 3.35867e+06
240000 3.59786e+06
250000 3.73167e+06
260000 3.95555e+06
270000 4.03878e+06
280000 4.16813e+06
290000 4.36168e+06
300000 4.55252e+06
310000 4.6368e+06
320000 4.72948e+06
330000 4.8931e+06
340000 5.04296e+06
350000 5.22088e+06
360000 5.46386e+06
370000 5.45906e+06
380000 5.61711e+06
390000 5.73123e+06
400000 5.90656e+06
410000 6.0627e+06
420000 6.20525e+06
430000 6.42404e+06
440000 7.0766e+06
450000 6.67935e+06
460000 6.84856e+06
470000 7.49403e+06
480000 7.84385e+06
490000 7.64922e+06
500000 7.56136e+06
