10 1.5 1.3255
13 2 1.77664
16 2 2.25831
19 3 2.76473
22 3 3.29194
25 4 3.8371
1e+06 3.10083e+07 9.66319e+06
1.1e+06 3.58659e+07 1.07028e+07
1.2e+06 3.90832e+07 1.17489e+07
1.3e+06 3.93788e+07 1.28007e+07
1.4e+06 4.43689e+07 1.3858e+07
1.5e+06 4.54384e+07 1.49202e+07
1.6e+06 5.06248e+07 1.59871e+07
1.7e+06 5.61089e+07 1.70584e+07
1.8e+06 5.55312e+07 1.81338e+07
1.9e+06 5.83261e+07 1.92131e+07
2e+06 6.50618e+07 2.0296e+07
2.1e+06 6.95023e+07 2.13825e+07
2.2e+06 7.95301e+07 2.24723e+07
2.3e+06 1.18652e+08 2.35653e+07
2.4e+06 1.65051e+08 2.46613e+07
2.5e+06 1.70763e+08 2.57602e+07
2.6e+06 1.03502e+08 2.6862e+07
2.7e+06 1.01409e+08 2.79664e+07
2.8e+06 8.80372e+07 2.90734e+07
2.9e+06 9.05412e+07 3.01829e+07
3e+06 1.17408e+08 3.12948e+07
3.1e+06 1.2053e+08 3.24091e+07
3.2e+06 1.12416e+08 3.35256e+07
3.3e+06 9.90386e+07 3.46443e+07
3.4e+06 9.87623e+07 3.57651e+07
3.5e+06 1.0423e+08 3.6888e+07
3.6e+06 1.13105e+08 3.80129e+07
3.7e+06 1.1637e+08 3.91397e+07
3.8e+06 1.19855e+08 4.02684e+07
3.9e+06 1.23694e+08 4.1399e+07
4e+06 1.26928e+08 4.25313e+07
4.1e+06 1.26145e+08 4.36654e+07
4.2e+06 1.24342e+08 4.48012e+07
4.3e+06 1.26813e+08 4.59387e+07
4.4e+06 1.29901e+08 4.70778e+07
4.5e+06 1.63712e+09 4.82185e+07
4.6e+06 1.08921e+08 4.93607e+07
4.7e+06 1.33609e+08 5.05045e+07
4.8e+06 1.49977e+08 5.16497e+07
4.9e+06 1.50899e+08 5.27964e+07
5e+06 1.49952e+08 5.39445e+07
